   2.5000000000000000       -7.5449994918282320E-018   3.7230733010481904E-020
   5.0000000000000000       -8.5600772159528838E-018   1.1554156137168736E-020
   7.5000000000000000       -8.2042934467789825E-018   3.5823791788566737E-021
   10.000000000000000       -8.0138042973000794E-018   5.5179829265203689E-024
   12.500000000000000       -7.9994039302041574E-018   1.7030180393099902E-023
   15.000000000000000       -8.0930063163978081E-018   1.0511013369621932E-023
   17.500000000000000       -8.2152610527176302E-018   1.9093588098012785E-023
   20.000000000000000       -9.1442331155119089E-018   8.1356219971630407E-024
   22.500000000000000       -8.3306123737585202E-018   1.1356330516120453E-023
   25.000000000000000       -7.7330518641995854E-018   9.6265198388171311E-023
   27.500000000000000       -9.2882367866221586E-018   8.2718061255302767E-025
   30.000000000000000       -7.7113965879534872E-018   1.0501346196483763E-023
   32.500000000000000       -9.0002294444162947E-018   1.6946796559492493E-023
   35.000000000000000       -8.7723301626389720E-018   3.3759651068484255E-021
   37.500000000000000       -8.6258198995020945E-018   1.2024386876558298E-023
   40.000000000000000       -8.2803594730307931E-018   2.1131338210953014E-023
   42.500000000000000       -8.3162120066496776E-018   1.8528949580069634E-023
   45.000000000000000       -8.2587589223303895E-018   1.7940894863606523E-023
   47.500000000000000       -8.8344768384835499E-018   1.6859196016715756E-023
   50.000000000000000       -8.4026142093098148E-018   8.6149480828290598E-024
   52.500000000000000       -8.7482230199562478E-018   1.4632127129615339E-023
   55.000000000000000       -8.8274250390655459E-018   1.2653007790028524E-023
   57.500000000000000       -8.5106169626547387E-018   2.0579754516543906E-023
   60.000000000000000       -7.8552237326047511E-018   6.1453653542507320E-022
   62.500000000000000       -7.9846455094335007E-018   1.2146243853143321E-021
   65.000000000000000       -9.1154323813121239E-018   1.9561007026653786E-023
   67.500000000000000       -7.9130227787707112E-018   9.0932216718054241E-023
   70.000000000000000       -8.4098143928560440E-018   8.6267294259068484E-024
   72.500000000000000       -7.8980587517480904E-018   1.7136916702452571E-021
   75.000000000000000       -9.1153679707589187E-018   6.7675835495795230E-022
   77.500000000000000       -8.9281690084127729E-018   6.3989563237600494E-022
   80.000000000000000       -8.2577020872469293E-018   2.7048344215653012E-021
   82.500000000000000       -9.7202477999710222E-018   1.8879332898146979E-023
   85.000000000000000       -8.1087157522108615E-018   3.8076616885133873E-020
   87.500000000000000       -9.7202477999710222E-018   1.8879616037883166E-023
   90.000000000000000       -8.5597379190588982E-018   6.5037847391270736E-021
   92.500000000000000       -9.3861308376928810E-018   2.8830564676444592E-019
   95.000000000000000       -9.1152711921031163E-018   1.0745686804287018E-021
   97.500000000000000       -8.4880767261713398E-018   1.1464259283504091E-020
   100.00000000000000       -8.4382407478052164E-018   1.8639858562445203E-021
   102.50000000000000       -8.6038932059780840E-018   1.4853755157980621E-021
   105.00000000000000       -8.9980400088836954E-018   3.4177240977912921E-021
   107.50000000000000       -8.3935206560874477E-018   9.2459030353994101E-021
   110.00000000000000       -8.0898921117206782E-018   4.0101577091852700E-021
   112.50000000000000       -8.2383118330097888E-018   4.8034448107380729E-020
   115.00000000000000       -8.8363417258545644E-018   4.3499742075926667E-021
   117.50000000000000       -9.7202477999710222E-018   1.8879616037883166E-023
   120.00000000000000       -9.7202477999710222E-018   1.8879616037883166E-023
   122.50000000000000       -9.7202477999710222E-018   1.8879332898146979E-023
   125.00000000000000       -8.9804261083406745E-018   6.3520624790790354E-020
   127.50000000000000       -9.7202477999710222E-018   1.8879616037883166E-023
   130.00000000000000       -9.1865502145470888E-018   4.7821152213386401E-021
   132.50000000000000       -9.7202477999710222E-018   1.8879332898146979E-023
   135.00000000000000       -8.4005678810646092E-018   9.8014157425050645E-021
   137.50000000000000       -9.2154070161428250E-018   3.2131855283345125E-021
   140.00000000000000       -9.7202477999710222E-018   1.8879332898146979E-023
   142.50000000000000       -9.7202477999710222E-018   1.8879332898146979E-023
   145.00000000000000       -8.9969143333621226E-018   1.1973011868199611E-019
   147.50000000000000       -9.7202477999710222E-018   1.8879332898146979E-023
   150.00000000000000       -9.6907215854441638E-018   8.0113984199192216E-020
   152.50000000000000       -9.7202477999710222E-018   1.8879332898146979E-023
   155.00000000000000       -9.0001155276936551E-018   1.2822208652237865E-021
   157.50000000000000       -8.5913231279520581E-018   3.9654671069577624E-020
   160.00000000000000       -8.5128911175566886E-018   1.5314185856560853E-020
   162.50000000000000       -8.9475669234138743E-018   5.5514870842753561E-021
   165.00000000000000       -8.6994924325490357E-018   2.2170253961929941E-019
   167.50000000000000       -8.6335709660046251E-018   1.0873097872986084E-019
   170.00000000000000       -9.7202477999710222E-018   1.8879616037883166E-023
   172.50000000000000       -9.5817570991558055E-018   2.2003323159196937E-019
   175.00000000000000       -8.7454666413640348E-018   1.0699769715675041E-019
   177.50000000000000       -9.1365580389782137E-018   9.0321721985914453E-021
   180.00000000000000       -9.7201855980174499E-018   1.1612925956269799E-021
   182.50000000000000       -8.6246208979268331E-018   5.2692755559004124E-020
   185.00000000000000       -9.7202477999710222E-018   1.8879332898146979E-023
   187.50000000000000       -8.8528982498511947E-018   7.3142352579866871E-020
   190.00000000000000       -9.7193827471758714E-018   5.5247075325344192E-021
   192.50000000000000       -8.8909799558393990E-018   5.3155475760005117E-020
   195.00000000000000       -9.7195342166885907E-018   3.9839120521134895E-021
   197.50000000000000       -8.5051370495669995E-018   1.4357829419181687E-020
   200.00000000000000       -8.2351490806172683E-018   9.1326409903039205E-020
   202.50000000000000       -8.9955726059476377E-018   1.0373494886219411E-020
   205.00000000000000       -8.7817114145032996E-018   4.1909535183888254E-020
   207.50000000000000       -9.3724746284912059E-018   1.6885070447075943E-019
   210.00000000000000       -8.8761309999406756E-018   2.5575855648798514E-020
   212.50000000000000       -8.9081824454439176E-018   1.5905820816936800E-020
   215.00000000000000       -8.9967917590850063E-018   8.2831543173501177E-021
   217.50000000000000       -8.9766985001250199E-018   6.0357088155938355E-020
   220.00000000000000       -8.2346151056190717E-018   2.9962653641382380E-020
   222.50000000000000       -9.2892403803699888E-018   1.3444004532311154E-019
   225.00000000000000       -9.7199929919035425E-018   2.6019470515834016E-021
   227.50000000000000       -8.9393492466884013E-018   1.8306684660055428E-020
   230.00000000000000       -8.7672124043355590E-018   1.0438712318636492E-019
   232.50000000000000       -8.8311133738730877E-018   6.9396680996616707E-020
   235.00000000000000       -9.2087782210851294E-018   9.4058251694587598E-020
   237.50000000000000       -9.5144500907718080E-018   2.3673937189788403E-019
   240.00000000000000       -9.7195244664172061E-018   4.3317506217013885E-021
   242.50000000000000       -9.1628323121485116E-018   1.0402807675296539E-019
   245.00000000000000       -9.1645723772769275E-018   2.4410817342976111E-019
   247.50000000000000       -9.7192648997450116E-018   4.8738104604518639E-021
   250.00000000000000       -9.7178135798046755E-018   7.9218170249142052E-021
   252.50000000000000       -9.7183682518864664E-018   6.9162215405171796E-021
   255.00000000000000       -9.7180082385395517E-018   7.6369671575875238E-021
   257.50000000000000       -9.1092556413159778E-018   1.7167193360572427E-019
   260.00000000000000       -8.8460415518007820E-018   2.0724649848838248E-020
   262.50000000000000       -8.7414050837600363E-018   4.3845534719094700E-020
   265.00000000000000       -8.6761058120588411E-018   3.4618858566455213E-020
   267.50000000000000       -9.7116079105264015E-018   3.2633358287637581E-020
   270.00000000000000       -9.4670606951034452E-018   2.0392562417164635E-019
   272.50000000000000       -9.7186635178765086E-018   6.7174643871877913E-021
   275.00000000000000       -9.7169768499169345E-018   9.0212679776692813E-021
   277.50000000000000       -9.7156309281362272E-018   1.1425641252675894E-020
   280.00000000000000       -9.7137825745553242E-018   1.4210272099866843E-020
   282.50000000000000       -9.7181811516915823E-018   8.0220138056955173E-021
   285.00000000000000       -9.7125874519732169E-018   2.0025290522271009E-020
   287.50000000000000       -8.8946959566809435E-018   1.1119987254244588E-019
   290.00000000000000       -9.7151266967607147E-018   1.3102114622016396E-020
   292.50000000000000       -8.8371091856401832E-018   2.9947042684781735E-020
   295.00000000000000       -9.3485039622085987E-018   3.2244892899450057E-019
   297.50000000000000       -9.7156645850898200E-018   1.4309278628614541E-020
   300.00000000000000       -9.7081236311247324E-018   2.1687689746585447E-020
   302.50000000000000       -9.3302276893933063E-018   3.0204203827712302E-019
   305.00000000000000       -9.4859598099310828E-018   2.3097175222534718E-019
   307.50000000000000       -9.5731587282033192E-018   1.9775970603014341E-019
   310.00000000000000       -8.5747449756065264E-018   2.1188574152081879E-019
   312.50000000000000       -9.7103940537407965E-018   1.7897799334682906E-020
   315.00000000000000       -9.3328379599505781E-018   3.2253944071113172E-019
   317.50000000000000       -9.7118276392573975E-018   1.6825491678333606E-020
   320.00000000000000       -9.7023680404896236E-018   2.6446619924454456E-020
   322.50000000000000       -9.7097059293466993E-018   1.8425578149785820E-020
   325.00000000000000       -9.5327439092849743E-018   2.1513420166822380E-019
   327.50000000000000       -9.6137356393229697E-018   1.6424074437131215E-019
   330.00000000000000       -9.2832526961524040E-018   3.4849836083851842E-019
   332.50000000000000       -9.7069855299329551E-018   2.0626918295642355E-020
   335.00000000000000       -9.7020049564192841E-018   2.8152391153465026E-020
   337.50000000000000       -9.7015849749929326E-018   2.5781856750021272E-020
   340.00000000000000       -9.7008054563123342E-018   2.4836785584314598E-020
   342.50000000000000       -9.3116076531579957E-018   3.5818176946005058E-019
   345.00000000000000       -9.7001087994981942E-018   2.5954095956704449E-020
   347.50000000000000       -9.6957502807563760E-018   3.4992775026826533E-020
   350.00000000000000       -9.7016219801297025E-018   2.4077945928224458E-020
   352.50000000000000       -9.6993394946759782E-018   2.6981827090894624E-020
   355.00000000000000       -8.9158877489963161E-018   2.4610878408788019E-019
   357.50000000000000       -8.7377428968780671E-018   7.4125448324048299E-020
   360.00000000000000       -9.7040117539066243E-018   2.2219121877969308E-020
   362.50000000000000       -9.1085084817615623E-018   3.3694943942841907E-019
   365.00000000000000       -9.6891886761475829E-018   3.0879643980377868E-020
   367.50000000000000       -9.6908606571190503E-018   3.0580332124509198E-020
   370.00000000000000       -9.6867442300573635E-018   4.4383452869846229E-020
   372.50000000000000       -9.6880742052461066E-018   3.5900623106676142E-020
   375.00000000000000       -9.6818351181866418E-018   3.6064914665413230E-020
   377.50000000000000       -9.6816108492231742E-018   3.3056601403630549E-020
   380.00000000000000       -9.6925305489484783E-018   3.0316143304611662E-020
   382.50000000000000       -8.8630778622787174E-018   2.8956894358865287E-019
   385.00000000000000       -9.5598787515270470E-018   2.3887918593501714E-019
   387.50000000000000       -9.6782618703567411E-018   3.3755231673516999E-020
   390.00000000000000       -9.6753038895334078E-018   4.0549475363528883E-020
   392.50000000000000       -8.8393502559498841E-018   6.1508098715679888E-020
   395.00000000000000       -9.6832152712417948E-018   3.5860516299421864E-020
   397.50000000000000       -9.6653075726404529E-018   4.0226024930554800E-020
   400.00000000000000       -9.6701033492817158E-018   5.1728692317811468E-020
   402.50000000000000       -9.6685916839190850E-018   4.3461368574149721E-020
   405.00000000000000       -9.6610647844841054E-018   4.1143252811183496E-020
   407.50000000000000       -9.6668123920998189E-018   4.1995943952287978E-020
   410.00000000000000       -9.6446190467928133E-018   6.0492671861197812E-020
   412.50000000000000       -8.7288761265907304E-018   1.7481619715253614E-019
   415.00000000000000       -9.6602864337645011E-018   4.2010569896024849E-020
   417.50000000000000       -9.6422761356529011E-018   5.0473994549640643E-020
   420.00000000000000       -9.6167369302743837E-018   8.5877826516346950E-020
   422.50000000000000       -9.5845270295261200E-018   1.6648666454214906E-019
   425.00000000000000       -8.8115768768442671E-018   7.2675469759315334E-020
   427.50000000000000       -8.7636298673783032E-018   1.9068349298279694E-019
   430.00000000000000       -9.6293409275981736E-018   5.2886218041402572E-020
   432.50000000000000       -9.6326585118705129E-018   5.6448689259505209E-020
   435.00000000000000       -9.3590137697554975E-018   3.5979047866615220E-019
   437.50000000000000       -9.6302685071143092E-018   5.1343313479887160E-020
   440.00000000000000       -9.4811752032115629E-018   2.0378203343992189E-019
   442.50000000000000       -9.6256180070584372E-018   5.7310849295081514E-020
   445.00000000000000       -9.6165773674278877E-018   6.6605202727008487E-020
   447.50000000000000       -9.4723890255960232E-018   2.3913199632440658E-019
   450.00000000000000       -9.6095657462708167E-018   6.5813389036959519E-020
   452.50000000000000       -9.5961811853304003E-018   6.6027296445445821E-020
   455.00000000000000       -8.3641490534940408E-018   1.7551177867284167E-019
   457.50000000000000       -9.5994718394613456E-018   6.3054637955832417E-020
   460.00000000000000       -9.6020525688836902E-018   7.4282729088133696E-020
   462.50000000000000       -9.5896785586220562E-018   6.3098524383351085E-020
   465.00000000000000       -8.4556911046197334E-018   8.2334474259681980E-020
   467.50000000000000       -9.2470413974146612E-018   4.6826778206800179E-019
   470.00000000000000       -9.3852549521154521E-018   3.2545062101384536E-019
   472.50000000000000       -9.5609251923671967E-018   6.8278059102189676E-020
   475.00000000000000       -9.5747205562062906E-018   7.2234520562063722E-020
   477.50000000000000       -9.5446161674874968E-018   9.1634024832777308E-020
   480.00000000000000       -9.5814419400386087E-018   7.3797297795912125E-020
   482.50000000000000       -9.5566099424382282E-018   7.6943317442216478E-020
   485.00000000000000       -9.5463274515632758E-018   7.2246423680386174E-020
   487.50000000000000       -9.5357828508280348E-018   8.0627093410264543E-020
   490.00000000000000       -9.5015063697975020E-018   1.4792618434907966E-019
   492.50000000000000       -9.5223303286854765E-018   9.5119314850515886E-020
   495.00000000000000       -9.5190210586787040E-018   8.8020594900228419E-020
   497.50000000000000       -9.5202359792403955E-018   8.5031252106159504E-020
   500.00000000000000       -8.5810971513712524E-018   1.0201355088488586E-019
   502.50000000000000       -9.5014977096942681E-018   8.7762521322782628E-020
   505.00000000000000       -9.4816192025469820E-018   8.9459774939544263E-020
   507.50000000000000       -9.4953908284942091E-018   7.7724899559564053E-020
   510.00000000000000       -9.4962565006043673E-018   8.5946300757635361E-020
   512.50000000000000       -9.5070038731587437E-018   7.8724022435145857E-020
   515.00000000000000       -8.7340993672147954E-018   4.1575316397881612E-019
   517.50000000000000       -9.4647694177539269E-018   9.8919520133656940E-020
   520.00000000000000       -9.4583516918596884E-018   9.8822596638436511E-020
   522.50000000000000       -9.3470104633657971E-018   1.9058481504225273E-019
   525.00000000000000       -9.4486177294726985E-018   1.2012609658597921E-019
   527.50000000000000       -9.4472162012014082E-018   1.1460557054367133E-019
   530.00000000000000       -9.3997974129272977E-018   1.2120624713601786E-019
   532.50000000000000       -9.4378321390030436E-018   1.0564795859632745E-019
   535.00000000000000       -9.4097793097249414E-018   1.1101614713890709E-019
   537.50000000000000       -8.6948723577791796E-018   4.7940526263100534E-019
   540.00000000000000       -9.3881058957725390E-018   8.7163846864919285E-020
   542.50000000000000       -9.4050409640056440E-018   1.0973305856327338E-019
   545.00000000000000       -9.3330641452969643E-018   2.0345401569772894E-019
   547.50000000000000       -9.2207655516521424E-018   2.7266366163237872E-019
   550.00000000000000       -9.3738629787163496E-018   1.1212908122572352E-019
   552.50000000000000       -9.3730245614854218E-018   1.0954058194540659E-019
   555.00000000000000       -9.3591984402629489E-018   1.1501516051430942E-019
   557.50000000000000       -8.1195801513214020E-018   1.6304220532098865E-019
   560.00000000000000       -9.3556007286887337E-018   1.2104118946898403E-019
   562.50000000000000       -8.6640663492117495E-018   5.7456614486080741E-019
   565.00000000000000       -9.3281700276375078E-018   1.2484742259341088E-019
   567.50000000000000       -9.3625060293205433E-018   1.2356733664056001E-019
   570.00000000000000       -9.3226259415494787E-018   1.3679788803165409E-019
   572.50000000000000       -9.3198222632989675E-018   1.1611455150086273E-019
   575.00000000000000       -9.3416292752366399E-018   1.2992410255480745E-019
   577.50000000000000       -9.2325077226655764E-018   1.2330333783105328E-019
   580.00000000000000       -9.2580276239917080E-018   1.2257019863797449E-019
   582.50000000000000       -9.2611320186646622E-018   1.4274721018126382E-019
   585.00000000000000       -9.2407070904858280E-018   1.4588057011505443E-019
   587.50000000000000       -8.0428181501051546E-018   1.5174302647846717E-019
   590.00000000000000       -9.0923743148315799E-018   3.1124216295541332E-019
   592.50000000000000       -8.0366117296058464E-018   1.6010709260794600E-019
   595.00000000000000       -9.1780357796242822E-018   1.3159143219182669E-019
   597.50000000000000       -9.1744724568628797E-018   1.3779042203789237E-019
   600.00000000000000       -8.1645437784074819E-018   3.0947789334219697E-019
   602.50000000000000       -9.0465897776373698E-018   3.6352464529804470E-019
   605.00000000000000       -9.1819326047775138E-018   1.3417102787769957E-019
   607.50000000000000       -9.1754251410059408E-018   1.2956897012359952E-019
   610.00000000000000       -9.1124754670648325E-018   1.6590289305244685E-019
   612.50000000000000       -9.1992177633261577E-018   1.3638533102850725E-019
   615.00000000000000       -9.0456806949443583E-018   1.6304102888320463E-019
   617.50000000000000       -8.5432913016917254E-018   5.1446623051182261E-019
   620.00000000000000       -9.1648498247930510E-018   1.6303408934390303E-019
   622.50000000000000       -7.8835144352390567E-018   1.4959228514964493E-019
   625.00000000000000       -8.8621277949263496E-018   3.4811695560508617E-019
   627.50000000000000       -9.0061660859417922E-018   1.5432700904714605E-019
   630.00000000000000       -9.0894244669566643E-018   1.5613751360324867E-019
   632.50000000000000       -9.0696046671871620E-018   1.4419360514636053E-019
   635.00000000000000       -8.3374816337997176E-018   5.9039882046764513E-019
   637.50000000000000       -7.7496242371029794E-018   1.8224701149839108E-019
   640.00000000000000       -9.0038336509442737E-018   1.6183588855123626E-019
   642.50000000000000       -9.0093391823693091E-018   1.7971357882728293E-019
   645.00000000000000       -8.9637462391015943E-018   1.7212971439528502E-019
   647.50000000000000       -8.9997478531432792E-018   1.7967109021828879E-019
   650.00000000000000       -8.9603966941857754E-018   1.7201937719452671E-019
   652.50000000000000       -7.6351107463787580E-018   1.6466542363533878E-019
   655.00000000000000       -8.8789560652982390E-018   1.8930987763818898E-019
   657.50000000000000       -8.6664329374673208E-018   4.5897701575866657E-019
   660.00000000000000       -8.8970922695925236E-018   1.8807550497882158E-019
   662.50000000000000       -8.8891913908186069E-018   1.7302006713594104E-019
   665.00000000000000       -8.8871973581322829E-018   2.0458014326773186E-019
   667.50000000000000       -7.5892669036780459E-018   2.1183614041810412E-019
   670.00000000000000       -7.4893542412291710E-018   3.6340907572201596E-019
   672.50000000000000       -8.8535320172072454E-018   1.8011301395018003E-019
   675.00000000000000       -8.8007436796270633E-018   1.8389035501744864E-019
   677.50000000000000       -8.8101305626291036E-018   1.8025344532410267E-019
   680.00000000000000       -8.8044166708344384E-018   2.1165169549363701E-019
   682.50000000000000       -7.8917749060610781E-018   4.8690404739238664E-019
   685.00000000000000       -7.4210736949413790E-018   2.0820921792358255E-019
   687.50000000000000       -8.7321175827130611E-018   1.7269961200845298E-019
   690.00000000000000       -8.6479497438801034E-018   2.0301082425723247E-019
   692.50000000000000       -8.7922148315337437E-018   2.1958867773752077E-019
   695.00000000000000       -8.6485142864358052E-018   2.0485455803369019E-019
   697.50000000000000       -8.4081364353723060E-018   4.0272093122838456E-019
   700.00000000000000       -8.5784011298826185E-018   2.0928168963704232E-019
   702.50000000000000       -8.6405728838965068E-018   2.0245111870768222E-019
   705.00000000000000       -7.3112737780869741E-018   2.5315146453119834E-019
   707.50000000000000       -8.5787988856163565E-018   2.1548741562921375E-019
   710.00000000000000       -8.6472322336507497E-018   2.1058076835387259E-019
   712.50000000000000       -8.5174424421777536E-018   2.6651244430769872E-019
   715.00000000000000       -8.4341062565597629E-018   2.2466431820203337E-019
   717.50000000000000       -8.5200906569712660E-018   2.5121600375601671E-019
   720.00000000000000       -8.4697225570765712E-018   2.2702376349292617E-019
   722.50000000000000       -8.4725371154618920E-018   2.4718171310550030E-019
   725.00000000000000       -8.4150607572429336E-018   2.9424885162894746E-019
   727.50000000000000       -8.2881640150525286E-018   3.4562330478965916E-019
   730.00000000000000       -8.3527186326824951E-018   2.1152089293421622E-019
   732.50000000000000       -8.4521071978241387E-018   2.1727829037051652E-019
   735.00000000000000       -8.3674905939604047E-018   2.4639991886929513E-019
   737.50000000000000       -7.9971339289546514E-018   6.0950285199667479E-019
   740.00000000000000       -8.4154059209871579E-018   1.9454906775020642E-019
   742.50000000000000       -8.3617542609185491E-018   2.1628587418623051E-019
   745.00000000000000       -8.0255691263281079E-018   4.7804246500991348E-019
   747.50000000000000       -7.5738063217132766E-018   5.0638316916055395E-019
   750.00000000000000       -8.0793415498792856E-018   2.2897750335993530E-019
   752.50000000000000       -8.2641804003441808E-018   2.2511648520911571E-019
   755.00000000000000       -7.9814732494083850E-018   4.1138766194350020E-019
   757.50000000000000       -8.1556279138732774E-018   3.0649878148902749E-019
   760.00000000000000       -8.0613114288945696E-018   2.8999552950430490E-019
   762.50000000000000       -8.1857248656858317E-018   2.2906490431280071E-019
   765.00000000000000       -8.0834412051726632E-018   2.6040127486281741E-019
   767.50000000000000       -6.6976425925277918E-018   2.4125214362926121E-019
   770.00000000000000       -8.0905782249017056E-018   2.3353034333762606E-019
   772.50000000000000       -7.9705912326648924E-018   2.8146668427125909E-019
   775.00000000000000       -7.8875595300074307E-018   3.6441747160234005E-019
   777.50000000000000       -7.8814298294572405E-018   4.6366868211014875E-019
   780.00000000000000       -7.9143240909487261E-018   3.0733892045651098E-019
   782.50000000000000       -7.9880873391169728E-018   2.9464636566691652E-019
   785.00000000000000       -7.4188912536965528E-018   6.5751183316038178E-019
   787.50000000000000       -8.0145291498603974E-018   2.6657835558343923E-019
   790.00000000000000       -7.8692260212921101E-018   2.7119446950843666E-019
   792.50000000000000       -6.5234371816064839E-018   4.1286012479744046E-019
   795.00000000000000       -7.8836090220325065E-018   2.3622156331466534E-019
   797.50000000000000       -7.7744502002565819E-018   3.0181288464565013E-019
   800.00000000000000       -7.6330276095301757E-018   3.4222151346608662E-019
   802.50000000000000       -7.6656260980088322E-018   3.0332625730221885E-019
   805.00000000000000       -7.7193381731024033E-018   2.7472786438256348E-019
   807.50000000000000       -6.2654973946440230E-018   3.2434099730837943E-019
   810.00000000000000       -7.7262558235508531E-018   3.1792793223059327E-019
   812.50000000000000       -7.6834879065117618E-018   3.0587359393861632E-019
   815.00000000000000       -7.6891254686400265E-018   2.9715297548955561E-019
   817.50000000000000       -7.7011953559551714E-018   2.7314738169110784E-019
   820.00000000000000       -7.3036275338860963E-018   4.1984826361391422E-019
   822.50000000000000       -7.5091878555978447E-018   3.0062188435894912E-019
   825.00000000000000       -7.4895597442522884E-018   2.6348985911391275E-019
   827.50000000000000       -6.3433413620256259E-018   4.7526545157473475E-019
   830.00000000000000       -7.5250814539706494E-018   2.8854862454104810E-019
   832.50000000000000       -7.4024521734247014E-018   2.9919258557531569E-019
   835.00000000000000       -7.3578816202664323E-018   3.0969057142363641E-019
   837.50000000000000       -7.3797506897441898E-018   3.2228769311222761E-019
   840.00000000000000       -7.3822687997342063E-018   3.8192768973969502E-019
   842.50000000000000       -7.3689385764167354E-018   3.9855396329939536E-019
   845.00000000000000       -7.2199782698171770E-018   2.7557910461185474E-019
   847.50000000000000       -7.2336207198484836E-018   2.8299625578557527E-019
   850.00000000000000       -7.2497227172559046E-018   3.9019306355829794E-019
   852.50000000000000       -7.2093082568216131E-018   3.1095135518042777E-019
   855.00000000000000       -7.1131790251770207E-018   2.7473343903948076E-019
   857.50000000000000       -7.0001728740725082E-018   3.0106908729690036E-019
   860.00000000000000       -7.2648646925917158E-018   2.7538159531307812E-019
   862.50000000000000       -7.1287414235498875E-018   3.6492314615087013E-019
   865.00000000000000       -6.9030565226571455E-018   3.5505940815266025E-019
   867.50000000000000       -7.1218979646893271E-018   3.5322073108750152E-019
   870.00000000000000       -7.0419232587511245E-018   3.2830080202545358E-019
   872.50000000000000       -6.7729402655500951E-018   4.1153981295669327E-019
   875.00000000000000       -6.7510168455087815E-018   3.2878322582040742E-019
   877.50000000000000       -6.9298624557855267E-018   3.9239280805415358E-019
   880.00000000000000       -6.9882509193344789E-018   3.6030563120508466E-019
   882.50000000000000       -6.7287895880095794E-018   3.9886426021244520E-019
   885.00000000000000       -6.8245848959104671E-018   3.4634184202588106E-019
   887.50000000000000       -6.6475468373375235E-018   3.0293602488295416E-019
   890.00000000000000       -6.6461683452111092E-018   4.6813726954797415E-019
   892.50000000000000       -6.7475731467897492E-018   3.4656653810301386E-019
   895.00000000000000       -6.6925359853129844E-018   4.2710907337672305E-019
   897.50000000000000       -6.6964978270547697E-018   4.3239128079676424E-019
   900.00000000000000       -6.5414704849141545E-018   3.8933423069702042E-019
   902.50000000000000       -6.3034272551563786E-018   4.1036785371375032E-019
   905.00000000000000       -6.4781987192471090E-018   3.8693812358665748E-019
   907.50000000000000       -6.2223908544342157E-018   3.0671978464865294E-019
   910.00000000000000       -5.7711290486199718E-018   5.5461026516264560E-019
   912.50000000000000       -6.4678835343501805E-018   4.4456046827698199E-019
   915.00000000000000       -6.4473505556396858E-018   3.8441207065589619E-019
   917.50000000000000       -6.2095545905185937E-018   4.5171053265080529E-019
   920.00000000000000       -6.4010448794329603E-018   3.5378037227908897E-019
   922.50000000000000       -5.9642308860063764E-018   5.9467091399684106E-019
   925.00000000000000       -6.1943942378621840E-018   3.9662247172441197E-019
   927.50000000000000       -6.2354046506738605E-018   3.7232720999835520E-019
   930.00000000000000       -6.0668382101100914E-018   3.5377847887837329E-019
   932.50000000000000       -6.2495288411551240E-018   3.5126859082032076E-019
   935.00000000000000       -5.8796400461031703E-018   4.3215216834876785E-019
   937.50000000000000       -6.0674375061455053E-018   4.5710603230420123E-019
   940.00000000000000       -5.9308231588924186E-018   3.9762084277706299E-019
   942.50000000000000       -5.8806962062044453E-018   3.5321380868321541E-019
   945.00000000000000       -5.6905581213661764E-018   4.5559314063059724E-019
   947.50000000000000       -5.6493111546206652E-018   4.1858897160567501E-019
   950.00000000000000       -5.8947439062604783E-018   3.5862174903944339E-019
   952.50000000000000       -5.7081630610277639E-018   3.8464584317358883E-019
   955.00000000000000       -5.8560695580313456E-018   4.0804299082515215E-019
   957.50000000000000       -4.6062105645682817E-018   3.7685456353239338E-019
   960.00000000000000       -5.0434378202590100E-018   5.4592851067437136E-019
   962.50000000000000       -5.4638996301315019E-018   3.2663287035180572E-019
   965.00000000000000       -5.5852079197371031E-018   4.2327412137717888E-019
   967.50000000000000       -4.5540621549096548E-018   3.2572417707410614E-019
   970.00000000000000       -5.5096735956865620E-018   4.7194844876924224E-019
   972.50000000000000       -5.2185257096484903E-018   4.2601754349336391E-019
   975.00000000000000       -5.4250855202699511E-018   4.2685756445093586E-019
   977.50000000000000       -5.4179799346564970E-018   5.6235288667734223E-019
   980.00000000000000       -4.7378904139081921E-018   5.8947104561189606E-019
   982.50000000000000       -5.3861763147647734E-018   3.9338971445939957E-019
   985.00000000000000       -5.1472849539835840E-018   4.0182314280370420E-019
   987.50000000000000       -5.2051331421055886E-018   4.1265465363266632E-019
   990.00000000000000       -4.7009557454277833E-018   3.9873001798773953E-019
   992.50000000000000       -4.7015175057741081E-018   6.4690442098993825E-019
   995.00000000000000       -5.4290316537283747E-018   4.4017353458699742E-019
   997.50000000000000       -5.1875344381075808E-018   5.3163694245609654E-019
   1000.0000000000000       -4.9667482584094004E-018   5.3279779105356133E-019
   1002.5000000000000       -4.8450915444779701E-018   3.4650041771087629E-019
   1005.0000000000000       -4.5089579251415329E-018   4.4547716165569573E-019
   1007.5000000000000       -5.2287727576351837E-018   4.3149341265032908E-019
   1010.0000000000000       -4.8425405414789971E-018   4.4723679768932684E-019
   1012.5000000000000       -4.2490875508483923E-018   3.7231722129631556E-019
   1015.0000000000000       -4.1580177701139293E-018   4.4812951377483124E-019
   1017.5000000000000       -4.6242866463774833E-018   4.5269719631051429E-019
   1020.0000000000000       -4.8057243976616874E-018   3.7599539097692963E-019
   1022.5000000000000       -4.4257581731448727E-018   5.7136658040331462E-019
   1025.0000000000000       -4.5026214479228841E-018   4.6836581768403659E-019
   1027.5000000000000       -4.6448492120808117E-018   5.8260931306795112E-019
   1030.0000000000000       -4.5505826110770546E-018   3.8471127844211922E-019
   1032.5000000000000       -4.8004930018707508E-018   3.6070552474016851E-019
   1035.0000000000000       -4.4496613474311484E-018   3.4363746893438579E-019
   1037.5000000000000       -4.4594865492412575E-018   4.7636271470720493E-019
   1040.0000000000000       -4.4932217843951689E-018   4.1618209918629629E-019
   1042.5000000000000       -4.4759742113415899E-018   4.9770136734216104E-019
   1045.0000000000000       -3.6584360208353918E-018   3.9484636551363759E-019
   1047.5000000000000       -3.8381231449398045E-018   5.4282887179661274E-019
   1050.0000000000000       -3.8792298873595291E-018   5.0181371319604704E-019
   1052.5000000000000       -3.8720541142964701E-018   2.8601400835969374E-019
   1055.0000000000000       -3.8432013277710559E-018   3.5095205885491792E-019
   1057.5000000000000       -3.6594661548829858E-018   4.1195107196672685E-019
   1060.0000000000000       -3.5963239413460267E-018   4.1861334057422657E-019
   1062.5000000000000       -3.8603731001855391E-018   4.8531743832874700E-019
   1065.0000000000000       -3.9516325522027974E-018   3.7028574901276349E-019
   1067.5000000000000       -3.4528457929254666E-018   2.9442881509154004E-019
   1070.0000000000000       -3.8854909835223963E-018   4.6525602888020838E-019
   1072.5000000000000       -3.6799222047775566E-018   3.0321256117201678E-019
   1075.0000000000000       -3.5879417272244702E-018   3.9574151855713529E-019
   1077.5000000000000       -3.7546487891853201E-018   5.0459159602158488E-019
   1080.0000000000000       -3.3472917097692672E-018   3.2048832422774252E-019
   1082.5000000000000       -3.6608448616220392E-018   4.7074271411375547E-019
   1085.0000000000000       -3.5129458813512175E-018   3.8939773787193815E-019
   1087.5000000000000       -3.1808837483457598E-018   3.2718039299338543E-019
   1090.0000000000000       -3.1765799665449366E-018   3.5989499315801807E-019
   1092.5000000000000       -3.3505553950154867E-018   3.7018135087906795E-019
   1095.0000000000000       -3.7385128815713472E-018   5.1296734363575518E-019
   1097.5000000000000       -3.4839917513934118E-018   3.8652792042996797E-019
   1100.0000000000000       -3.3216919027335743E-018   2.7400230275051090E-019
   1102.5000000000000       -3.2902948838428012E-018   3.5860689394927054E-019
   1105.0000000000000       -3.0871769854177094E-018   2.7699997757166632E-019
   1107.5000000000000       -3.3734952720919462E-018   3.8649890514062899E-019
   1110.0000000000000       -3.3605426416939775E-018   3.5075928984247254E-019
   1112.5000000000000       -3.4342680579132582E-018   4.5977660345556802E-019
   1115.0000000000000       -3.4555926030249824E-018   4.6490392691136257E-019
   1117.5000000000000       -2.9414186262066594E-018   2.6998983266936608E-019
   1120.0000000000000       -3.0967842380981789E-018   3.6073017051393675E-019
   1122.5000000000000       -3.0886658174939839E-018   3.2851161504529306E-019
   1125.0000000000000       -3.0914507968901293E-018   3.2181211994992968E-019
   1127.5000000000000       -3.1113496413795777E-018   2.7654478678237424E-019
   1130.0000000000000       -3.0786110620528091E-018   2.7349138570389315E-019
   1132.5000000000000       -3.0563950626794597E-018   3.0776689462315273E-019
   1135.0000000000000       -3.0593602371306166E-018   3.1642255079363299E-019
   1137.5000000000000       -3.0957455829247203E-018   3.7961707042547408E-019
   1140.0000000000000       -2.9781718281214636E-018   3.2131070317447866E-019
   1142.5000000000000       -2.8664604170923256E-018   2.7389918457680505E-019
   1145.0000000000000       -2.9215554887502450E-018   3.1588251705789663E-019
   1147.5000000000000       -3.0577641102374750E-018   3.0373558033638060E-019
   1150.0000000000000       -2.8301910461485848E-018   3.0520795964907605E-019
   1152.5000000000000       -2.9071532652841160E-018   2.6342214061416870E-019
   1155.0000000000000       -2.9278130998706655E-018   2.8172178380951667E-019
   1157.5000000000000       -2.9062971390566175E-018   2.6470143741389913E-019
   1160.0000000000000       -3.0309220337602421E-018   2.9879005173215610E-019
   1162.5000000000000       -2.8272580256722395E-018   3.2989723945987842E-019
   1165.0000000000000       -2.9634381208047453E-018   3.0371605640515354E-019
   1167.5000000000000       -3.0810635292204709E-018   3.2992664082260873E-019
   1170.0000000000000       -2.6868289904192723E-018   2.0882116268069609E-019
   1172.5000000000000       -2.7443402232969310E-018   3.0657232398035848E-019
   1175.0000000000000       -2.8386026845392989E-018   2.5916413811526916E-019
   1177.5000000000000       -2.7633421760178875E-018   3.1691554355601832E-019
   1180.0000000000000       -2.8385531443409951E-018   2.7786828819845062E-019
   1182.5000000000000       -2.8922732620466194E-018   3.2180418521551787E-019
   1185.0000000000000       -2.8226416091058050E-018   3.3036753037786352E-019
   1187.5000000000000       -2.7185214856390866E-018   2.6815193901957766E-019
   1190.0000000000000       -2.6936956107536676E-018   3.1964137043512877E-019
   1192.5000000000000       -2.7467332143712110E-018   2.9315084307382297E-019
   1195.0000000000000       -2.8771971406109757E-018   2.8949671257341449E-019
   1197.5000000000000       -2.8265597809714141E-018   3.0720630160514853E-019
   1200.0000000000000       -2.5960620791367981E-018   2.8596385660267431E-019
   1202.5000000000000       -2.6698136457932367E-018   2.9981675033732508E-019
   1205.0000000000000       -2.6542141472215322E-018   3.3716668552998847E-019
   1207.5000000000000       -2.7077554221649069E-018   3.1814521803006152E-019
   1210.0000000000000       -2.8262684003469837E-018   2.7130990729482637E-019
   1212.5000000000000       -2.6052857012825524E-018   2.6236269354578319E-019
   1215.0000000000000       -2.8731410146772476E-018   3.5160521732749546E-019
   1217.5000000000000       -2.6427336393898688E-018   2.9797256209314054E-019
   1220.0000000000000       -2.5380142432371385E-018   2.2616324311907065E-019
   1222.5000000000000       -2.5591692401655887E-018   2.7392261377948845E-019
   1225.0000000000000       -2.6865996715531534E-018   2.6385420260438858E-019
   1227.5000000000000       -2.6364932187410165E-018   2.6519280624885745E-019
   1230.0000000000000       -2.5822760176454486E-018   2.5218909308193301E-019
   1232.5000000000000       -2.5839339090841598E-018   2.1816621392526387E-019
   1235.0000000000000       -2.4840285905904286E-018   2.4612560753301554E-019
   1237.5000000000000       -2.6009285705421729E-018   2.5173569776093001E-019
   1240.0000000000000       -2.5734442532003533E-018   2.6832359141277885E-019
   1242.5000000000000       -2.6202810430572537E-018   2.6741292772561477E-019
   1245.0000000000000       -2.5475186442862810E-018   2.8936560412829631E-019
   1247.5000000000000       -2.5255289547341897E-018   2.2497627445967776E-019
   1250.0000000000000       -2.5066404620045061E-018   2.5582403457486511E-019
   1252.5000000000000       -2.5964951007032928E-018   3.3309000330130614E-019
   1255.0000000000000       -2.5364131633988863E-018   2.8163655853758655E-019
   1257.5000000000000       -2.4744153681093459E-018   2.8579301965911542E-019
   1260.0000000000000       -2.5788640164407758E-018   2.6633187694538865E-019
   1262.5000000000000       -2.5013095108515590E-018   2.7790348116676355E-019
   1265.0000000000000       -2.3732321287227892E-018   2.7093168418642051E-019
   1267.5000000000000       -2.4828073500508796E-018   2.8167349094949556E-019
   1270.0000000000000       -2.5045326798913628E-018   2.8202341225675989E-019
   1272.5000000000000       -2.4098741348400814E-018   2.8960820366300771E-019
   1275.0000000000000       -2.4359178141096415E-018   2.7713144874353863E-019
   1277.5000000000000       -2.4232556257215900E-018   2.4398177523691251E-019
   1280.0000000000000       -2.3316967458834755E-018   2.4411414190183625E-019
   1282.5000000000000       -2.4284922101696488E-018   2.8106014809003246E-019
   1285.0000000000000       -2.4358862653249994E-018   2.5093650345818873E-019
   1287.5000000000000       -2.4576918121913265E-018   2.9840198403284594E-019
   1290.0000000000000       -2.3936047181349622E-018   2.6182940730292012E-019
   1292.5000000000000       -2.3897220360492606E-018   2.5756138524653049E-019
   1295.0000000000000       -2.4185301785579724E-018   2.7116944933151718E-019
   1297.5000000000000       -2.3136134824463863E-018   2.3414069854732925E-019
   1300.0000000000000       -2.4111794934110577E-018   2.7457923124800932E-019
   1302.5000000000000       -2.3362862254775256E-018   2.2358898461036575E-019
   1305.0000000000000       -2.4285831565178226E-018   2.8319813780001031E-019
   1307.5000000000000       -2.3622264572842210E-018   2.4845131777053604E-019
   1310.0000000000000       -2.4001074309589485E-018   3.0108727067567315E-019
   1312.5000000000000       -2.4076229619323913E-018   2.9334278361599345E-019
   1315.0000000000000       -2.3799004548076264E-018   2.5237102867811613E-019
   1317.5000000000000       -2.3425518273278905E-018   2.3435367195478723E-019
   1320.0000000000000       -2.3042109397214689E-018   2.7277235960431628E-019
   1322.5000000000000       -2.3322141587028065E-018   2.5055988080574782E-019
   1325.0000000000000       -2.3247567538713357E-018   2.4261508353564012E-019
   1327.5000000000000       -2.2975168032047586E-018   2.2351192980499949E-019
   1330.0000000000000       -2.2889195715156968E-018   2.3411452646426487E-019
   1332.5000000000000       -2.2744956012130505E-018   2.8229006664551738E-019
   1335.0000000000000       -2.2747406275057453E-018   2.1990587149156116E-019
   1337.5000000000000       -2.2113762746419606E-018   2.1398739637367822E-019
   1340.0000000000000       -2.2248512036761220E-018   2.6587057759450232E-019
   1342.5000000000000       -2.2338026793459043E-018   2.5556167774696855E-019
   1345.0000000000000       -2.2296353385623506E-018   2.4640138211208421E-019
   1347.5000000000000       -2.2697622855858028E-018   2.3886780746583262E-019
   1350.0000000000000       -2.2069105220907994E-018   2.2582092909520207E-019
   1352.5000000000000       -2.2046971942064683E-018   2.4209453783592363E-019
   1355.0000000000000       -2.1599037843991796E-018   2.6410174127719391E-019
   1357.5000000000000       -2.3103409573645425E-018   2.5323728435148472E-019
   1360.0000000000000       -2.2250740390281258E-018   2.5808108271120072E-019
   1362.5000000000000       -2.2466348811283840E-018   2.4198517274053712E-019
   1365.0000000000000       -2.2378494260715323E-018   2.5969538174779957E-019
   1367.5000000000000       -2.1586575858646606E-018   2.4005459703419295E-019
   1370.0000000000000       -2.1558299254593572E-018   2.6574096459735236E-019
   1372.5000000000000       -2.2001457700304379E-018   2.3850713181922332E-019
   1375.0000000000000       -2.1959408010510539E-018   2.5935974988977378E-019
   1377.5000000000000       -2.2102926696887111E-018   2.6191823514253909E-019
   1380.0000000000000       -2.1353302315379893E-018   2.2160106709918942E-019
   1382.5000000000000       -2.1425832648850351E-018   2.4294224464057324E-019
   1385.0000000000000       -2.0801880303010214E-018   2.0472886830524776E-019
   1387.5000000000000       -2.1537464984099784E-018   2.4919738730030333E-019
   1390.0000000000000       -2.1427189238927646E-018   2.0626970798223056E-019
   1392.5000000000000       -2.1380238140227228E-018   2.4867117217056237E-019
   1395.0000000000000       -2.1536279257314556E-018   2.3252719275359314E-019
   1397.5000000000000       -2.0935205220155776E-018   2.6003429343319241E-019
   1400.0000000000000       -2.0739278154966474E-018   2.4149931466166187E-019
   1402.5000000000000       -2.1907163306095540E-018   2.5579936041654539E-019
   1405.0000000000000       -2.1290125305391064E-018   2.5376214113416004E-019
   1407.5000000000000       -2.0255794586488641E-018   2.1075902594161282E-019
   1410.0000000000000       -2.0539454895337136E-018   2.5752951781067515E-019
   1412.5000000000000       -2.0438823459957253E-018   2.4491286667184199E-019
   1415.0000000000000       -2.0632571069017940E-018   2.0871450834120319E-019
   1417.5000000000000       -2.0785357106039679E-018   2.6092927067010949E-019
   1420.0000000000000       -2.0851720405980987E-018   2.2263304625263732E-019
   1422.5000000000000       -2.0241717143691365E-018   2.3573026038636848E-019
   1425.0000000000000       -2.1125063772608941E-018   2.2468609124675079E-019
   1427.5000000000000       -2.0085580179686740E-018   2.2609297520363347E-019
   1430.0000000000000       -2.0669951537979545E-018   2.3256677264989663E-019
   1432.5000000000000       -2.0611319033857204E-018   2.3404078367374546E-019
   1435.0000000000000       -2.0431380297226776E-018   2.2286403365561334E-019
   1437.5000000000000       -2.0138659386844982E-018   2.0876305777787783E-019
   1440.0000000000000       -2.0566423112401820E-018   2.5738181354455742E-019
   1442.5000000000000       -1.9720708499830493E-018   2.3968796304774939E-019
   1445.0000000000000       -2.0822584933363389E-018   2.4438601153484840E-019
   1447.5000000000000       -2.0092707585112089E-018   2.1981839434796667E-019
   1450.0000000000000       -2.0461149685957711E-018   2.2126796934917175E-019
   1452.5000000000000       -2.0654852164099870E-018   2.6503372403765539E-019
   1455.0000000000000       -1.9895458117580407E-018   2.2485751009152263E-019
   1457.5000000000000       -1.9645176073661772E-018   2.3517153715896511E-019
   1460.0000000000000       -1.9848569313449885E-018   2.2886511833317647E-019
   1462.5000000000000       -2.0149900462995099E-018   2.1486675214898712E-019
   1465.0000000000000       -1.9980042155726182E-018   2.6252406575420338E-019
   1467.5000000000000       -1.9923694265659700E-018   2.1495735899453579E-019
   1470.0000000000000       -1.9467281087388066E-018   2.1193713759243119E-019
   1472.5000000000000       -1.9585511108859675E-018   2.4734887372658051E-019
   1475.0000000000000       -1.9425814295392103E-018   1.9357795295867383E-019
   1477.5000000000000       -2.0011243274062705E-018   2.5231227926471056E-019
   1480.0000000000000       -1.9957026422429284E-018   2.1220379935953487E-019
   1482.5000000000000       -1.9034246517870285E-018   2.0628341171697832E-019
   1485.0000000000000       -2.0121438510825534E-018   2.2538379976252362E-019
   1487.5000000000000       -1.9005454985095565E-018   2.1331189076932211E-019
   1490.0000000000000       -1.9321098415836559E-018   2.4426230585241810E-019
   1492.5000000000000       -1.8931663230674594E-018   2.1193400204093266E-019
   1495.0000000000000       -1.8616512134061919E-018   2.2858280638565130E-019
   1497.5000000000000       -2.0050429303432842E-018   2.4443554477531138E-019
   1500.0000000000000       -1.9817354428812897E-018   2.4057084697978401E-019
   1502.5000000000000       -1.9231900949896572E-018   2.1588461659463531E-019
   1505.0000000000000       -1.9127472978626177E-018   2.2843252622646344E-019
   1507.5000000000000       -1.9044569474005763E-018   2.4915328511226687E-019
   1510.0000000000000       -1.9215026709717253E-018   2.4653032412478226E-019
   1512.5000000000000       -1.9363686619636740E-018   2.3363728164514098E-019
   1515.0000000000000       -1.8927842547530881E-018   2.1558347647768808E-019
   1517.5000000000000       -1.8693689844855569E-018   2.3247664926455907E-019
   1520.0000000000000       -1.9001425300788130E-018   2.2553420719679099E-019
   1522.5000000000000       -1.8722379388415953E-018   2.3284449030873796E-019
   1525.0000000000000       -1.9397533326400646E-018   2.2712155402635491E-019
   1527.5000000000000       -1.8445657285642198E-018   2.2885863867966331E-019
   1530.0000000000000       -1.8689560962158687E-018   2.1585025614188840E-019
   1532.5000000000000       -1.9122648680026522E-018   2.1500770543875035E-019
   1535.0000000000000       -1.9021218935928645E-018   2.3872422204741668E-019
   1537.5000000000000       -1.8153839357993161E-018   2.0910532601001009E-019
   1540.0000000000000       -1.8145194591197538E-018   2.2354118752220778E-019
   1542.5000000000000       -1.8214871326519660E-018   2.0582854395316961E-019
   1545.0000000000000       -1.8568023104562214E-018   2.2726135818190653E-019
   1547.5000000000000       -1.8667645847945523E-018   2.0846462012074666E-019
   1550.0000000000000       -1.8388975674309469E-018   2.2087569875155110E-019
   1552.5000000000000       -1.8366103010229147E-018   2.2709900901721155E-019
   1555.0000000000000       -1.8007860258916167E-018   2.0147697030132607E-019
   1557.5000000000000       -1.8008916170733983E-018   2.1413983013993628E-019
   1560.0000000000000       -1.8459699663735120E-018   2.2357337659458208E-019
   1562.5000000000000       -1.8297864461961369E-018   2.4256613111341585E-019
   1565.0000000000000       -1.8286311588624087E-018   2.1467988069758176E-019
   1567.5000000000000       -1.8386961772716941E-018   2.4771861673649077E-019
   1570.0000000000000       -1.8033758540414761E-018   2.1964688644468569E-019
   1572.5000000000000       -1.7789793253310689E-018   2.1066388157437088E-019
   1575.0000000000000       -1.7692817518115439E-018   2.5254338434962877E-019
   1577.5000000000000       -1.7668049953971345E-018   2.2315620963368388E-019
   1580.0000000000000       -1.8057675866087878E-018   2.2053444083891526E-019
   1582.5000000000000       -1.7441421352037127E-018   2.1757295358881597E-019
   1585.0000000000000       -1.7812353138049031E-018   2.0592310799207737E-019
   1587.5000000000000       -1.8044808352873498E-018   2.2213020322872699E-019
   1590.0000000000000       -1.7753099794430412E-018   2.2847047366620480E-019
   1592.5000000000000       -1.7460271855506822E-018   2.2277533244232115E-019
   1595.0000000000000       -1.7610910530496328E-018   1.9559236208673177E-019
   1597.5000000000000       -1.7873413632788425E-018   2.0337733691739112E-019
   1600.0000000000000       -1.7692789929999589E-018   2.3011349731647464E-019
   1602.5000000000000       -1.7700684176281957E-018   2.2443562516732848E-019
   1605.0000000000000       -1.7804118959993344E-018   2.2889504895151747E-019
   1607.5000000000000       -1.7555153783734458E-018   2.4520014116437542E-019
   1610.0000000000000       -1.7207967196901661E-018   2.1830608760025131E-019
   1612.5000000000000       -1.7839366453822717E-018   2.1592355428643167E-019
   1615.0000000000000       -1.7266186535900230E-018   2.1247322690383722E-019
   1617.5000000000000       -1.7299820476633695E-018   2.2718110418397230E-019
   1620.0000000000000       -1.7955158374685330E-018   2.1743240567618094E-019
   1622.5000000000000       -1.7007904227384124E-018   2.1081622663475560E-019
   1625.0000000000000       -1.7211538603322706E-018   2.2509040523638733E-019
   1627.5000000000000       -1.6783692026061704E-018   2.1390923288048897E-019
   1630.0000000000000       -1.7301125494023004E-018   2.1283766323333678E-019
   1632.5000000000000       -1.6901499795161498E-018   2.0202972278231341E-019
   1635.0000000000000       -1.7016245771005954E-018   2.1413470620227849E-019
   1637.5000000000000       -1.7366931053060473E-018   2.1687857875140025E-019
   1640.0000000000000       -1.7054027052426727E-018   2.2294919859716996E-019
   1642.5000000000000       -1.7398446205665653E-018   2.4106689032663808E-019
   1645.0000000000000       -1.7190211917823607E-018   2.1479625171188306E-019
   1647.5000000000000       -1.7368954915286753E-018   2.0619497673181199E-019
   1650.0000000000000       -1.7069262480442613E-018   2.1573448135647553E-019
   1652.5000000000000       -1.6978887800930378E-018   1.9561018249895941E-019
   1655.0000000000000       -1.7219574777244099E-018   2.2391999056714554E-019
   1657.5000000000000       -1.7213104147163765E-018   2.2004433721010756E-019
   1660.0000000000000       -1.7041813017069884E-018   2.2236786322616331E-019
   1662.5000000000000       -1.7150870471277864E-018   2.3001396308697965E-019
   1665.0000000000000       -1.6266559637479833E-018   2.1530147294663621E-019
   1667.5000000000000       -1.6769430190510767E-018   2.3214961940905204E-019
   1670.0000000000000       -1.6911791373410747E-018   2.2005051275562539E-019
   1672.5000000000000       -1.7056704341180033E-018   2.1468136698251724E-019
   1675.0000000000000       -1.6496430859169386E-018   2.1492713910423256E-019
   1677.5000000000000       -1.6882513454553107E-018   2.2573594618283041E-019
   1680.0000000000000       -1.6209585572615742E-018   2.0565001733522664E-019
   1682.5000000000000       -1.6714506182828963E-018   2.2336767875879691E-019
   1685.0000000000000       -1.7054599367463296E-018   2.1563962809111190E-019
   1687.5000000000000       -1.6152610248226437E-018   2.1837965936268811E-019
   1690.0000000000000       -1.6485041833452762E-018   2.1372782543880696E-019
   1692.5000000000000       -1.6349029139438985E-018   2.1557590680568158E-019
   1695.0000000000000       -1.6408726408533880E-018   2.0716575451995722E-019
   1697.5000000000000       -1.6351864034191860E-018   2.0901661873635127E-019
   1700.0000000000000       -1.6268028667655851E-018   2.1039803527288526E-019
   1702.5000000000000       -1.6355502627343871E-018   2.1754060395531617E-019
   1705.0000000000000       -1.6548698647190337E-018   2.0925930016554948E-019
   1707.5000000000000       -1.5997957472517747E-018   2.2167198566575341E-019
   1710.0000000000000       -1.6180899050456953E-018   2.1080555704600552E-019
   1712.5000000000000       -1.6319630526803749E-018   2.3518375994064489E-019
   1715.0000000000000       -1.5916545380725790E-018   2.2032784406963073E-019
   1717.5000000000000       -1.5746097244211620E-018   2.1444167927255086E-019
   1720.0000000000000       -1.6192881533014921E-018   2.1904492919181157E-019
   1722.5000000000000       -1.6505387844528483E-018   2.1351285170604852E-019
   1725.0000000000000       -1.6316370568592456E-018   2.0389446593954350E-019
   1727.5000000000000       -1.6152735101388123E-018   2.2727387749786227E-019
   1730.0000000000000       -1.6028800365603955E-018   2.1048502417824770E-019
   1732.5000000000000       -1.5849805542569515E-018   2.1730770137422665E-019
   1735.0000000000000       -1.5723859114198063E-018   1.9670706710782796E-019
   1737.5000000000000       -1.5561219386864874E-018   2.1268449153277196E-019
   1740.0000000000000       -1.6077203566518151E-018   2.2300870392624502E-019
   1742.5000000000000       -1.5781578458809515E-018   2.2005073431879143E-019
   1745.0000000000000       -1.5876473926830235E-018   2.0649893682993292E-019
   1747.5000000000000       -1.5710170841571662E-018   2.1009412538018882E-019
   1750.0000000000000       -1.5573956556802715E-018   2.0364694618627114E-019
   1752.5000000000000       -1.5856261514027283E-018   2.1367314728288595E-019
   1755.0000000000000       -1.6028560086501755E-018   2.2318750152868487E-019
   1757.5000000000000       -1.5940578672559819E-018   1.8497040432297233E-019
   1760.0000000000000       -1.5701091001907746E-018   2.0462031198194370E-019
   1762.5000000000000       -1.5844875269567036E-018   2.2781983626427868E-019
   1765.0000000000000       -1.5436727210923165E-018   2.0658599607611047E-019
   1767.5000000000000       -1.6209144943281489E-018   2.1728453299428435E-019
   1770.0000000000000       -1.5870665183999312E-018   2.1955666425319499E-019
   1772.5000000000000       -1.5194384890099408E-018   2.2989955210264393E-019
   1775.0000000000000       -1.5768258652980827E-018   2.2933633238590508E-019
   1777.5000000000000       -1.5257379684176538E-018   2.0870658551799692E-019
   1780.0000000000000       -1.5167691122541700E-018   2.1520906441514972E-019
   1782.5000000000000       -1.5662225146842047E-018   2.1752966426348747E-019
   1785.0000000000000       -1.5371970533020686E-018   2.2270168477116813E-019
   1787.5000000000000       -1.5591375561809446E-018   2.0117419793204021E-019
   1790.0000000000000       -1.5320933033986186E-018   1.9739310082037387E-019
   1792.5000000000000       -1.5888003350082787E-018   2.1569682123809368E-019
   1795.0000000000000       -1.5600446667154228E-018   2.0871694314973122E-019
   1797.5000000000000       -1.5310196983766608E-018   1.8946008537206657E-019
   1800.0000000000000       -1.4841970059793306E-018   2.1564320153337962E-019
   1802.5000000000000       -1.5314671240174568E-018   2.0734832556740405E-019
   1805.0000000000000       -1.4915143795268512E-018   2.0245657015315259E-019
   1807.5000000000000       -1.5321271057731370E-018   2.0094543088947317E-019
   1810.0000000000000       -1.4975520173321401E-018   2.1776108896181685E-019
   1812.5000000000000       -1.5472934750056817E-018   2.3889315577597347E-019
   1815.0000000000000       -1.4801214791328393E-018   1.9495872153344635E-019
   1817.5000000000000       -1.5549696441511908E-018   2.2549891212106130E-019
   1820.0000000000000       -1.5209364606471630E-018   2.2961258641053215E-019
   1822.5000000000000       -1.4487788023419061E-018   1.9804960330170763E-019
   1825.0000000000000       -1.4729000076317238E-018   2.0837367450853144E-019
   1827.5000000000000       -1.4869801560577731E-018   2.1799978239981660E-019
   1830.0000000000000       -1.5284617385210342E-018   2.0931562603002344E-019
   1832.5000000000000       -1.5237793053376352E-018   2.0652919660253716E-019
   1835.0000000000000       -1.4969754695465097E-018   2.2320064564794012E-019
   1837.5000000000000       -1.5048345268917174E-018   1.9028807832714954E-019
   1840.0000000000000       -1.4688295858803425E-018   2.0927713908690035E-019
   1842.5000000000000       -1.4719470790659358E-018   2.0336227752038542E-019
   1845.0000000000000       -1.4903526460504711E-018   2.3013575049624942E-019
   1847.5000000000000       -1.4656394080462288E-018   2.2945818715766452E-019
   1850.0000000000000       -1.4813907468748449E-018   2.1415522038924948E-019
   1852.5000000000000       -1.4695295527068383E-018   1.9377786015967314E-019
   1855.0000000000000       -1.4516828056111854E-018   2.0792358016585653E-019
   1857.5000000000000       -1.4603841451132570E-018   2.1264475913072184E-019
   1860.0000000000000       -1.5199308588517074E-018   2.1020538006731589E-019
   1862.5000000000000       -1.4958491916712013E-018   2.1465102611408827E-019
   1865.0000000000000       -1.4648791268810238E-018   2.1233588258862534E-019
   1867.5000000000000       -1.4550708869072872E-018   2.0409611901108200E-019
   1870.0000000000000       -1.4320946328594630E-018   2.2203121756510032E-019
   1872.5000000000000       -1.4657732138788624E-018   1.9340194459706558E-019
   1875.0000000000000       -1.4917199038620172E-018   2.2278698173664527E-019
   1877.5000000000000       -1.4522662450622755E-018   2.1232385577812736E-019
   1880.0000000000000       -1.4367012981603885E-018   1.9225920592646500E-019
   1882.5000000000000       -1.4654413636488117E-018   2.2537204488980381E-019
   1885.0000000000000       -1.4380603668247939E-018   2.0205208661061538E-019
   1887.5000000000000       -1.4188450795577820E-018   1.9899794307848676E-019
   1890.0000000000000       -1.4481257873930451E-018   2.1224284109614408E-019
   1892.5000000000000       -1.4351859128177031E-018   2.1207739860206338E-019
   1895.0000000000000       -1.4171427559450354E-018   2.0491013162336449E-019
   1897.5000000000000       -1.4347943171236103E-018   2.0450118763210418E-019
   1900.0000000000000       -1.4280852352785162E-018   2.0861550788436154E-019
   1902.5000000000000       -1.3858555531605420E-018   2.1730171372570153E-019
   1905.0000000000000       -1.3993505005859208E-018   1.9485214705892304E-019
   1907.5000000000000       -1.3890191729091829E-018   2.0168842470180356E-019
   1910.0000000000000       -1.4210831379628404E-018   2.1425685957069442E-019
   1912.5000000000000       -1.3847921378308715E-018   1.9819803750409569E-019
   1915.0000000000000       -1.4531223791963506E-018   2.0621633348264841E-019
   1917.5000000000000       -1.4272873197576436E-018   2.1708200873520992E-019
   1920.0000000000000       -1.4469402619480121E-018   2.2393438499156411E-019
   1922.5000000000000       -1.4572459192221676E-018   2.0178052854323279E-019
   1925.0000000000000       -1.3958660780061374E-018   1.7679496258983743E-019
   1927.5000000000000       -1.4324270486189090E-018   2.1953603756035944E-019
   1930.0000000000000       -1.4078670173134469E-018   2.0388282882084791E-019
   1932.5000000000000       -1.4119868327775518E-018   2.0723063522072785E-019
   1935.0000000000000       -1.3839989905467518E-018   2.0541058950217237E-019
   1937.5000000000000       -1.3699298653731513E-018   2.0003482232911255E-019
   1940.0000000000000       -1.3946231795913827E-018   1.8978190253440976E-019
   1942.5000000000000       -1.4193852152521965E-018   2.3063530430404671E-019
   1945.0000000000000       -1.4277974718209213E-018   1.9882391450993327E-019
   1947.5000000000000       -1.3883163840654213E-018   2.1650940502746716E-019
   1950.0000000000000       -1.4257595756767845E-018   2.3114513235278789E-019
   1952.5000000000000       -1.4114477286588295E-018   1.9796090863273267E-019
   1955.0000000000000       -1.3783520643106797E-018   2.1450359127287764E-019
   1957.5000000000000       -1.4010506625328841E-018   2.2257014246733831E-019
   1960.0000000000000       -1.3647148525264198E-018   2.1159390244567207E-019
   1962.5000000000000       -1.3546900403541733E-018   2.0948205851527248E-019
   1965.0000000000000       -1.3795718848905672E-018   2.1043844066763302E-019
   1967.5000000000000       -1.3474130792893254E-018   2.0757898805311153E-019
   1970.0000000000000       -1.3737631384446002E-018   2.0631187041537205E-019
   1972.5000000000000       -1.4032854666682885E-018   2.2494095630104555E-019
   1975.0000000000000       -1.3901230473263083E-018   1.8077692557008460E-019
   1977.5000000000000       -1.3405468390105253E-018   2.1011837580283623E-019
   1980.0000000000000       -1.3826249965744591E-018   2.0673863901753977E-019
   1982.5000000000000       -1.3962683674362159E-018   2.1662988729159746E-019
   1985.0000000000000       -1.3860998877312370E-018   2.1069315584892536E-019
   1987.5000000000000       -1.3050658742660217E-018   2.0631550330361887E-019
   1990.0000000000000       -1.3685364242553036E-018   2.0390475360605559E-019
   1992.5000000000000       -1.3672306463631391E-018   1.9697896456295512E-019
   1995.0000000000000       -1.3696989684720084E-018   2.0177253569015602E-019
   1997.5000000000000       -1.3412066766724825E-018   1.8811970419405210E-019
   2000.0000000000000       -1.3058632731506316E-018   1.9931395303701699E-019
   2002.5000000000000       -1.3406592850747170E-018   2.4438698296093038E-019
   2005.0000000000000       -1.3424123141892046E-018   2.0337200335788448E-019
   2007.5000000000000       -1.3523990576752412E-018   2.1477513142483418E-019
   2010.0000000000000       -1.3362738024850052E-018   2.1872590603159671E-019
   2012.5000000000000       -1.2990344631041037E-018   2.0686504091363481E-019
   2015.0000000000000       -1.3817861293236512E-018   2.0556858631723108E-019
   2017.5000000000000       -1.3235804420376426E-018   2.1756408562092257E-019
   2020.0000000000000       -1.2902915273137042E-018   2.0152422936011128E-019
   2022.5000000000000       -1.3341079892631594E-018   2.1748694804900155E-019
   2025.0000000000000       -1.3598892446873774E-018   1.9333319177607619E-019
   2027.5000000000000       -1.3292314734501591E-018   2.1959408747222379E-019
   2030.0000000000000       -1.3296307488884113E-018   1.9900679659131323E-019
   2032.5000000000000       -1.3445278289792811E-018   1.9075078098449099E-019
   2035.0000000000000       -1.3336719155485823E-018   2.1903674300951931E-019
   2037.5000000000000       -1.3152041156974772E-018   2.0617636951704668E-019
   2040.0000000000000       -1.3087925293277726E-018   1.9477975087589426E-019
   2042.5000000000000       -1.3539241476930634E-018   1.9360229592093577E-019
   2045.0000000000000       -1.3411796841948693E-018   2.2425575783281579E-019
   2047.5000000000000       -1.2922068362066754E-018   2.0307088771684221E-019
   2050.0000000000000       -1.3383262296489459E-018   2.0798206795920709E-019
   2052.5000000000000       -1.2626511557437326E-018   2.1280285742405963E-019
   2055.0000000000000       -1.2812013235009315E-018   2.3220002476497257E-019
   2057.5000000000000       -1.2926690004280127E-018   2.0416725881051300E-019
   2060.0000000000000       -1.3252380381037353E-018   1.9585638160002062E-019
   2062.5000000000000       -1.2882895147763717E-018   1.9380973147216503E-019
   2065.0000000000000       -1.3359310458717430E-018   2.0549611390757374E-019
   2067.5000000000000       -1.3058192519091619E-018   1.8878280817158420E-019
   2070.0000000000000       -1.3263421073671935E-018   2.0424021741608643E-019
   2072.5000000000000       -1.3174344754641102E-018   1.8772725116968671E-019
   2075.0000000000000       -1.2887318265876757E-018   2.1056503301573361E-019
   2077.5000000000000       -1.2975663099769982E-018   2.0773843496824821E-019
   2080.0000000000000       -1.3055560240885427E-018   1.9692695107939580E-019
   2082.5000000000000       -1.2970856901813954E-018   2.1470483205407302E-019
   2085.0000000000000       -1.2932048127291119E-018   2.3053082354969784E-019
   2087.5000000000000       -1.2827852134998808E-018   2.1364491502975362E-019
   2090.0000000000000       -1.3128258500442275E-018   2.0267562976370752E-019
   2092.5000000000000       -1.2667736631594829E-018   2.0662665916988545E-019
   2095.0000000000000       -1.2858773564368527E-018   2.0965739855750810E-019
   2097.5000000000000       -1.2523708293515452E-018   2.1407090407521410E-019
   2100.0000000000000       -1.2596761349427557E-018   1.9247672521276749E-019
   2102.5000000000000       -1.2280344840059430E-018   2.1277441997835594E-019
   2105.0000000000000       -1.2352875714458430E-018   1.8327354438201157E-019
   2107.5000000000000       -1.2521733004461397E-018   2.0074858537475249E-019
   2110.0000000000000       -1.2698148533512338E-018   2.1061325596155855E-019
   2112.5000000000000       -1.2505361789029505E-018   2.1844096719721398E-019
   2115.0000000000000       -1.2698397361294460E-018   2.0966034960369479E-019
   2117.5000000000000       -1.2857097159117677E-018   2.0046758617739379E-019
   2120.0000000000000       -1.2362293866312332E-018   1.9654255496121477E-019
   2122.5000000000000       -1.2272608809819046E-018   2.2218851142377672E-019
   2125.0000000000000       -1.2642610775665014E-018   1.9112117843666066E-019
   2127.5000000000000       -1.2315772367331495E-018   1.9204896840100873E-019
   2130.0000000000000       -1.2999118498944205E-018   2.1020932337782544E-019
   2132.5000000000000       -1.2169552743374234E-018   1.9869075929215300E-019
   2135.0000000000000       -1.2332854587913151E-018   2.1169192792387992E-019
   2137.5000000000000       -1.2328506785111304E-018   1.8571814757914075E-019
   2140.0000000000000       -1.2402705551741214E-018   2.1636561335335686E-019
   2142.5000000000000       -1.2385073838784502E-018   2.0077492012361845E-019
   2145.0000000000000       -1.2392755939057122E-018   1.9085709932175342E-019
   2147.5000000000000       -1.2385432058144617E-018   1.9796496064002219E-019
   2150.0000000000000       -1.2488833958963832E-018   1.9973004472866204E-019
   2152.5000000000000       -1.2412636018994766E-018   1.9814306266305428E-019
   2155.0000000000000       -1.2076674099547249E-018   2.0236095530383396E-019
   2157.5000000000000       -1.2221222544001411E-018   1.9755776730189401E-019
   2160.0000000000000       -1.1912820426747953E-018   1.9732348281449217E-019
   2162.5000000000000       -1.2570123034062540E-018   2.0341072847252524E-019
   2165.0000000000000       -1.2317067073336055E-018   1.9056869005343104E-019
   2167.5000000000000       -1.2487588729437371E-018   2.1289398539617586E-019
   2170.0000000000000       -1.2298248584306257E-018   1.8888952322331245E-019
   2172.5000000000000       -1.2662779767331754E-018   2.0719101230055571E-019
   2175.0000000000000       -1.2057651082739001E-018   2.1307984919181455E-019
   2177.5000000000000       -1.2151296872187178E-018   1.9262955709209561E-019
   2180.0000000000000       -1.2128449206965269E-018   1.9995849576266806E-019
   2182.5000000000000       -1.2069110236138867E-018   2.1571124106285627E-019
   2185.0000000000000       -1.2289118521696815E-018   1.9538083186310766E-019
   2187.5000000000000       -1.1790297445964098E-018   2.1739890972683775E-019
   2190.0000000000000       -1.2135543211612624E-018   2.0475608338601586E-019
   2192.5000000000000       -1.2081246717737658E-018   2.0460705780373534E-019
   2195.0000000000000       -1.1966284370048699E-018   2.0317223566509533E-019
   2197.5000000000000       -1.2332405264979828E-018   2.1123314080651110E-019
   2200.0000000000000       -1.2058214272651306E-018   2.0021774095581351E-019
   2202.5000000000000       -1.2150404319662701E-018   2.0138283247384664E-019
   2205.0000000000000       -1.1997756182410980E-018   1.9029915838350847E-019
   2207.5000000000000       -1.2290277428866944E-018   2.0687676666723575E-019
   2210.0000000000000       -1.1923393080488359E-018   1.9808862799083732E-019
   2212.5000000000000       -1.2053752359104405E-018   1.9732048059294315E-019
   2215.0000000000000       -1.1925606677658363E-018   1.9865103224059179E-019
   2217.5000000000000       -1.1954658279688903E-018   2.0119114142705854E-019
   2220.0000000000000       -1.1645453065437111E-018   1.8803113859571940E-019
   2222.5000000000000       -1.1928647918785190E-018   1.9460263218450469E-019
   2225.0000000000000       -1.2007657989833684E-018   2.0884088112376817E-019
   2227.5000000000000       -1.1568966858107368E-018   1.9891289473931175E-019
   2230.0000000000000       -1.2112814311683795E-018   1.8645233189595475E-019
   2232.5000000000000       -1.2033276921426369E-018   1.9410443491657463E-019
   2235.0000000000000       -1.1708330602643161E-018   2.0945170954774025E-019
   2237.5000000000000       -1.1841612263010716E-018   2.1699203664786863E-019
   2240.0000000000000       -1.1980952666656777E-018   2.0766664855875350E-019
   2242.5000000000000       -1.1656171203818036E-018   2.1462570645024850E-019
   2245.0000000000000       -1.1915634426944052E-018   1.9484777016599005E-019
   2247.5000000000000       -1.1662290226057057E-018   1.8793352000219367E-019
   2250.0000000000000       -1.1774526778680825E-018   2.1152658451212024E-019
   2252.5000000000000       -1.1249178918461374E-018   1.9492399834268290E-019
   2255.0000000000000       -1.1932605770734149E-018   1.9337350284763736E-019
   2257.5000000000000       -1.1602443517002379E-018   1.9050666102257205E-019
   2260.0000000000000       -1.1390479502600879E-018   2.0128978473365104E-019
   2262.5000000000000       -1.1892310500993723E-018   2.0256890142705912E-019
   2265.0000000000000       -1.1540875272167016E-018   1.9006367044043752E-019
   2267.5000000000000       -1.2095422701582715E-018   2.0709883467107948E-019
   2270.0000000000000       -1.1844830703062442E-018   1.9555858149675824E-019
   2272.5000000000000       -1.1604099810645585E-018   1.8614222690915005E-019
   2275.0000000000000       -1.1931300522432277E-018   1.9810358985209453E-019
   2277.5000000000000       -1.1744148122146944E-018   2.0054004701581248E-019
   2280.0000000000000       -1.1584921909223510E-018   1.9923118287233690E-019
   2282.5000000000000       -1.1535371162684055E-018   2.0738058707264750E-019
   2285.0000000000000       -1.1650208627698751E-018   2.1967993180548073E-019
   2287.5000000000000       -1.1706610288530216E-018   2.1414648636626819E-019
   2290.0000000000000       -1.1718966797960914E-018   2.0024946877517544E-019
   2292.5000000000000       -1.1705839406853071E-018   2.0673011393272382E-019
   2295.0000000000000       -1.1527661707908825E-018   2.0390300831511003E-019
   2297.5000000000000       -1.1663929007863629E-018   1.9348396990192113E-019
   2300.0000000000000       -1.1388542964075082E-018   2.1258609384507231E-019
   2302.5000000000000       -1.1520107246386323E-018   1.9619137397347357E-019
   2305.0000000000000       -1.1747203889858033E-018   2.1315044545561456E-019
   2307.5000000000000       -1.1764897027889217E-018   2.0301825141400404E-019
   2310.0000000000000       -1.1405124082321971E-018   2.0739477302129406E-019
   2312.5000000000000       -1.1462279845735711E-018   1.9485487652584845E-019
   2315.0000000000000       -1.0947895620902949E-018   2.1990618676388092E-019
   2317.5000000000000       -1.1318906631343091E-018   1.8448613556193778E-019
   2320.0000000000000       -1.1399053520323624E-018   1.9958342201188498E-019
   2322.5000000000000       -1.1342770201418600E-018   1.9566384052354816E-019
   2325.0000000000000       -1.1388092638282532E-018   1.9073321500556064E-019
   2327.5000000000000       -1.1191861727623081E-018   2.0803606187248425E-019
   2330.0000000000000       -1.1501022168658758E-018   1.9349489979273250E-019
   2332.5000000000000       -1.1317153715699457E-018   1.9067205465738438E-019
   2335.0000000000000       -1.1561941247893060E-018   2.0224367502840207E-019
   2337.5000000000000       -1.1304416520153917E-018   2.1190029737018197E-019
   2340.0000000000000       -1.1297620044127826E-018   2.1360891558366838E-019
   2342.5000000000000       -1.1537253604306300E-018   2.0753696069674598E-019
   2345.0000000000000       -1.1051583590822341E-018   2.0764226482026710E-019
   2347.5000000000000       -1.1124860720156911E-018   2.1857148426779462E-019
   2350.0000000000000       -1.1182659433616277E-018   1.9089469161924986E-019
   2352.5000000000000       -1.1192467286128204E-018   1.8886115363758969E-019
   2355.0000000000000       -1.1671402167447526E-018   2.0066660766796583E-019
   2357.5000000000000       -1.0997609847051030E-018   1.8027745802115103E-019
   2360.0000000000000       -1.0780840059715233E-018   1.8794116143338193E-019
   2362.5000000000000       -1.1147575329359990E-018   2.0578601222192275E-019
   2365.0000000000000       -1.0910444335063198E-018   2.0189403391194024E-019
   2367.5000000000000       -1.1251697840765724E-018   2.0238965240389387E-019
   2370.0000000000000       -1.1486086863705728E-018   2.0987558077712712E-019
   2372.5000000000000       -1.1126342967393051E-018   2.0510933159377335E-019
   2375.0000000000000       -1.1113446182733665E-018   2.0680994909635913E-019
   2377.5000000000000       -1.1085422299782069E-018   2.0408069797914326E-019
   2380.0000000000000       -1.1070118986086971E-018   1.9646402207002435E-019
   2382.5000000000000       -1.1147302290573274E-018   2.0614146107095414E-019
   2385.0000000000000       -1.1156347237204882E-018   2.0189212231128499E-019
   2387.5000000000000       -1.1306766929661328E-018   1.9142832439287312E-019
   2390.0000000000000       -1.1190137391761013E-018   1.9721845335804539E-019
   2392.5000000000000       -1.1156247091595993E-018   2.0032309212581941E-019
   2395.0000000000000       -1.0733458497620436E-018   2.1121282781054064E-019
   2397.5000000000000       -1.1110451169116393E-018   1.9941626110055891E-019
   2400.0000000000000       -1.0750969661106371E-018   2.1024501727079137E-019
   2402.5000000000000       -1.0881814674406007E-018   1.9771557410286486E-019
   2405.0000000000000       -1.0887307428398384E-018   1.9388600303145857E-019
   2407.5000000000000       -1.1175423218144400E-018   1.9592005602744753E-019
   2410.0000000000000       -1.0558552831731803E-018   2.0888240112368599E-019
   2412.5000000000000       -1.0940918159457555E-018   2.0426797009182812E-019
   2415.0000000000000       -1.0880068774024016E-018   1.8409823528076128E-019
   2417.5000000000000       -1.1002210128917982E-018   1.9931594237692362E-019
   2420.0000000000000       -1.0838377415301603E-018   1.9922399271025903E-019
   2422.5000000000000       -1.0937523648470397E-018   1.8815524554832825E-019
   2425.0000000000000       -1.0778816849818181E-018   1.9907402126581638E-019
   2427.5000000000000       -1.0618743382875117E-018   1.9509049655508087E-019
   2430.0000000000000       -1.0727315885941773E-018   1.8433982620466841E-019
   2432.5000000000000       -1.1056961962605148E-018   2.0129317974744728E-019
   2435.0000000000000       -1.0803431896222336E-018   1.9469490330678834E-019
   2437.5000000000000       -1.1022821510973481E-018   2.0072007908545138E-019
   2440.0000000000000       -1.0998576306644534E-018   2.0234591831063922E-019
   2442.5000000000000       -1.0705076920670723E-018   1.9962914290096428E-019
   2445.0000000000000       -1.0794254864064585E-018   1.8578237314931252E-019
   2447.5000000000000       -1.1088344755711351E-018   2.0122385049149142E-019
   2450.0000000000000       -1.0562473438851800E-018   1.9396760676220506E-019
   2452.5000000000000       -1.0820682661126100E-018   2.0546433277878153E-019
   2455.0000000000000       -1.0876053465678980E-018   2.0182332417092567E-019
   2457.5000000000000       -1.1044965106689198E-018   2.0615631768406377E-019
   2460.0000000000000       -1.0566407641497689E-018   2.0037225085064621E-019
   2462.5000000000000       -1.1014545725524559E-018   2.0384354834480466E-019
   2465.0000000000000       -1.0819054344434549E-018   1.8416261792456717E-019
   2467.5000000000000       -1.0728583502236029E-018   1.9767312359801801E-019
   2470.0000000000000       -1.0712851927895225E-018   2.1299763286888240E-019
   2472.5000000000000       -1.0840290801717087E-018   1.8921585421519372E-019
   2475.0000000000000       -1.0318424053833170E-018   1.8334488500398343E-019
   2477.5000000000000       -1.0676993456123280E-018   2.0570833889745841E-019
   2480.0000000000000       -1.0715573905372639E-018   2.0201200409372732E-019
   2482.5000000000000       -1.0339774559296810E-018   1.8650771253213242E-019
   2485.0000000000000       -1.0532312943737449E-018   1.9705564480185087E-019
   2487.5000000000000       -1.0622835484916312E-018   1.9131396945205215E-019
   2490.0000000000000       -1.0520927838212229E-018   1.8678465588079164E-019
   2492.5000000000000       -1.0369686963795818E-018   2.0345298673679907E-019
   2495.0000000000000       -1.0583535424168722E-018   1.9705548387318676E-019
   2497.5000000000000       -1.0345425474482463E-018   1.8825089296984748E-019
   2500.0000000000000       -1.0461548929405884E-018   2.0207129561937766E-019
