   50.0000000       1000.00000    
   100.000000       1000.00000    
   150.000000       1000.00000    
   200.000000       1000.00000    
   250.000000       999.988464    
   300.000000       999.517517    
   350.000000       998.836182    
   400.000000       995.985107    
   450.000000       991.658020    
   500.000000       986.860107    
   550.000000       980.104797    
   600.000000       966.439026    
   650.000000       949.318420    
   700.000000       927.047913    
   750.000000       895.701416    
   800.000000       850.154236    
   850.000000       805.598694    
   900.000000       742.842102    
   950.000000       682.512390    
   1000.00000       580.642395    
   1050.00000       505.019745    
   1100.00000       194.039078    
   1150.00000       231.637924    
   1200.00000       144.423676    
   1250.00000       138.188065    
   1300.00000       96.7376175    
   1350.00000       118.097519    
   1400.00000       44.3623390    
   1450.00000       74.3347397    
   1500.00000       67.8054810    
   1550.00000       50.5844994    
   1600.00000       49.4165993    
   1650.00000       18.7206993    
   1700.00000       35.4811783    
   1750.00000       27.2320004    
   1800.00000       12.9421396    
   1850.00000      -1.11442006    
   1900.00000       14.8419199    
   1950.00000       30.4266205    
   2000.00000       23.6237392    
   2050.00000       8.98305988    
   2100.00000       13.8905602    
   2150.00000       24.9821205    
   2200.00000       14.7895002    
   2250.00000       15.0784998    
   2300.00000       15.3300800    
   2350.00000       13.7875605    
   2400.00000       6.60741997    
   2450.00000       10.7369003    
   2500.00000       17.1442394    
   2550.00000       23.0116596    
   2600.00000       11.7600002    
   2650.00000       20.1468601    
   2700.00000       22.4561405    
   2750.00000       14.6727400    
   2800.00000       10.1568003    
   2850.00000       2.56816006    
   2900.00000       13.7127199    
   2950.00000       16.8048801    
   3000.00000       13.1865396    
   3050.00000       9.05813980    
   3100.00000       10.6520205    
   3150.00000       9.78827953    
   3200.00000       20.6171608    
   3250.00000      -2.29040003    
   3300.00000       15.8881598    
   3350.00000       6.70800018    
   3400.00000      0.734440029    
   3450.00000       11.3253803    
   3500.00000       10.9001799    
   3550.00000       2.80645990    
   3600.00000       13.2865400    
   3650.00000       27.0463409    
   3700.00000       14.3747597    
   3750.00000       12.2968998    
   3800.00000       7.93951988    
   3850.00000       9.53522015    
   3900.00000       1.41190004    
   3950.00000       17.1671600    
   4000.00000       9.37055969    
   4050.00000       8.32439995    
   4100.00000       5.46884012    
   4150.00000       12.4480801    
   4200.00000       5.21106005    
   4250.00000       4.20677996    
   4300.00000       12.6743803    
   4350.00000       10.5386000    
   4400.00000       13.8362598    
   4450.00000       15.2613401    
   4500.00000       12.9092798    
   4550.00000       8.67171955    
   4600.00000       11.5507002    
   4650.00000       5.23131990    
   4700.00000       11.2325802    
   4750.00000       17.5221996    
   4800.00000       9.07549953    
   4850.00000       8.30338001    
   4900.00000       15.7589798    
   4950.00000       6.48050022    
   5000.00000       8.42827988    
